0.000000 2.000000 5.000000 3.605551 2.236068 1.414214 10.000000 11.000000 12.000000 10.049876
2.000000 0.000000 6.403124 5.000000 1.000000 3.162278 10.198039 11.180340 12.165525 10.440307
5.000000 6.403124 0.000000 7.071068 7.071068 3.605551 14.317821 15.297059 16.278821 14.142136
3.605551 5.000000 7.071068 0.000000 4.472136 4.123106 7.280110 8.246211 9.219544 7.071068
2.236068 1.000000 7.071068 4.472136 0.000000 3.605551 9.219544 10.198039 11.180340 9.486833
1.414214 3.162278 3.605551 4.123106 3.605551 0.000000 11.045361 12.041595 13.038405 11.000000
10.000000 10.198039 14.317821 7.280110 9.219544 11.045361 0.000000 1.000000 2.000000 1.000000
11.000000 11.180340 15.297059 8.246211 10.198039 12.041595 1.000000 0.000000 1.000000 1.414214
12.000000 12.165525 16.278821 9.219544 11.180340 13.038405 2.000000 1.000000 0.000000 2.236068
10.049876 10.440307 14.142136 7.071068 9.486833 11.000000 1.000000 1.414214 2.236068 0.000000
